(43500905, 23881843)
(80892475, 27841904)
(21322068, 47261723)
(21322068, 71908712)
(21322068, 59905949)
(29195114, 23085676)
(29195114, 71908712)
(29195114, 91387797)
(29195114, 7225064)
(29195114, 11231095)
(29195114, 10426682)
(29195114, 41068975)
(29195114, 94200294)
(29195114, 55142781)
(29195114, 5363923)
(29195114, 93575719)
(29195114, 10965799)
(29195114, 29298467)
(29195114, 62171751)
(29195114, 12150309)
(23085676, 91387797)
(23085676, 29298467)
(23085676, 62171751)
(23085676, 12150309)
(47261723, 47261723)
(47261723, 71908712)
(47261723, 91387797)
(47261723, 7225064)
(47261723, 59905949)
(47261723, 71968868)
(47261723, 41316657)
(71908712, 39027978)
(71908712, 47261723)
(71908712, 71908712)
(71908712, 91387797)
(71908712, 27841904)
(71908712, 99866104)
(71908712, 90459107)
(71908712, 24277126)
(71908712, 55882199)
(71908712, 59905949)
(71908712, 71968868)
(71908712, 69677562)
(71908712, 65611975)
(71908712, 77296170)
(71908712, 92969697)
(71908712, 83099929)
(70094937, 10965799)
(38533250, 27841904)
(12654216, 27841904)
(13531285, 27841904)
(91387797, 71908712)
(91387797, 91387797)
(91387797, 27841904)
(91387797, 94200294)
(91387797, 59905949)
(91387797, 68651965)
(91387797, 36831195)
(91387797, 82666758)
(91387797, 37296628)
(91387797, 23160214)
(7225064, 71908712)
(7225064, 7225064)
(7225064, 11231095)
(7225064, 54084753)
(7225064, 41316657)
(27841904, 71908712)
(27841904, 91387797)
(27841904, 27841904)
(27841904, 38472735)
(27841904, 76549400)
(27841904, 6833623)
(27841904, 97539784)
(27841904, 10426682)
(27841904, 8226593)
(27841904, 94200294)
(27841904, 90459107)
(27841904, 24277126)
(27841904, 59905949)
(27841904, 71968868)
(27841904, 76327839)
(27841904, 91346087)
(27841904, 23881843)
(27841904, 44648528)
(27841904, 64476613)
(27841904, 10965799)
(27841904, 77296170)
(27841904, 2145630)
(27841904, 92969697)
(27841904, 76377403)
(27841904, 16830771)
(27841904, 64713469)
(27841904, 61770866)
(68077983, 71908712)
(68077983, 27841904)
(68077983, 76549400)
(68077983, 97539784)
(68077983, 96190774)
(68077983, 91346087)
(68077983, 82666758)
(11231095, 7225064)
(11231095, 11231095)
(11231095, 74935225)
(11231095, 90393883)
(11231095, 62171751)
(54287933, 91387797)
(54287933, 54287933)
(54287933, 2240691)
(54287933, 19648647)
(62674457, 71908712)
(62674457, 91387797)
(62674457, 27841904)
(62674457, 97539784)
(62674457, 41068975)
(62674457, 94200294)
(62674457, 2913482)
(62674457, 24277126)
(62674457, 59387869)
(62674457, 55142781)
(62674457, 73057940)
(62674457, 59905949)
(62674457, 91346087)
(62674457, 93575719)
(62674457, 36831195)
(62674457, 64713469)
(62674457, 60732435)
(44107613, 44648528)
(57159071, 47918078)
(74194002, 96190774)
(74194002, 23881843)
(11444632, 91387797)
(11444632, 27841904)
(11444632, 11231095)
(11444632, 97539784)
(11444632, 10426682)
(11444632, 8226593)
(11444632, 94200294)
(11444632, 2913482)
(11444632, 24277126)
(11444632, 55142781)
(11444632, 55882199)
(11444632, 59905949)
(11444632, 71968868)
(11444632, 91346087)
(11444632, 23881843)
(11444632, 44648528)
(11444632, 10965799)
(11444632, 60732435)
(11444632, 2240691)
(11444632, 61770866)
(95631288, 23085676)
(95631288, 91387797)
(95631288, 27841904)
(95631288, 76549400)
(95631288, 97539784)
(95631288, 10426682)
(95631288, 8226593)
(95631288, 99866104)
(95631288, 41068975)
(95631288, 94200294)
(95631288, 35127716)
(95631288, 2913482)
(95631288, 90459107)
(95631288, 24277126)
(95631288, 59387869)
(95631288, 55142781)
(95631288, 73057940)
(95631288, 59905949)
(95631288, 71968868)
(95631288, 96190774)
(95631288, 91346087)
(95631288, 23881843)
(95631288, 93575719)
(95631288, 44648528)
(95631288, 48738578)
(95631288, 69677562)
(95631288, 13344332)
(95631288, 36831195)
(95631288, 52350591)
(95631288, 98124935)
(95631288, 64713469)
(95631288, 60732435)
(95631288, 83099929)
(95631288, 2240691)
(95631288, 62233745)
(95631288, 12150309)
(20423840, 23085676)
(20423840, 7225064)
(20423840, 27841904)
(20423840, 11231095)
(20423840, 62674457)
(20423840, 76549400)
(20423840, 6833623)
(20423840, 97539784)
(20423840, 10426682)
(20423840, 8226593)
(20423840, 41068975)
(20423840, 94200294)
(20423840, 2913482)
(20423840, 90459107)
(20423840, 24277126)
(20423840, 55142781)
(20423840, 55882199)
(20423840, 4358879)
(20423840, 59905949)
(20423840, 96190774)
(20423840, 91346087)
(20423840, 23881843)
(20423840, 93575719)
(20423840, 48738578)
(20423840, 87252794)
(20423840, 2145630)
(20423840, 98124935)
(20423840, 62233745)
(12230123, 21322068)
(12230123, 71908712)
(12230123, 91387797)
(12230123, 27841904)
(12230123, 11231095)
(12230123, 76549400)
(12230123, 6833623)
(12230123, 97539784)
(12230123, 10426682)
(12230123, 8226593)
(12230123, 99866104)
(12230123, 41068975)
(12230123, 94200294)
(12230123, 2913482)
(12230123, 90459107)
(12230123, 24277126)
(12230123, 59387869)
(12230123, 55142781)
(12230123, 73057940)
(12230123, 4358879)
(12230123, 59905949)
(12230123, 71968868)
(12230123, 96190774)
(12230123, 91346087)
(12230123, 23881843)
(12230123, 93575719)
(12230123, 44648528)
(12230123, 48738578)
(12230123, 69677562)
(12230123, 10965799)
(12230123, 13344332)
(12230123, 36831195)
(12230123, 87252794)
(12230123, 2145630)
(12230123, 92969697)
(12230123, 62171751)
(12230123, 52350591)
(12230123, 64713469)
(12230123, 60732435)
(12230123, 61770866)
(12230123, 4395763)
(12155942, 27841904)
(76549400, 76549400)
(76549400, 6833623)
(76549400, 97539784)
(76549400, 10426682)
(76549400, 8226593)
(76549400, 90459107)
(76549400, 87601699)
(76549400, 23881843)
(76549400, 48738578)
(76549400, 2145630)
(6833623, 27841904)
(6833623, 76549400)
(6833623, 6833623)
(6833623, 97539784)
(6833623, 10426682)
(6833623, 8226593)
(6833623, 94200294)
(6833623, 90459107)
(6833623, 87601699)
(6833623, 96190774)
(6833623, 91346087)
(6833623, 23881843)
(6833623, 48738578)
(6833623, 2145630)
(6833623, 64713469)
(6261176, 87601699)
(50876343, 27841904)
(50876343, 76549400)
(50876343, 6833623)
(50876343, 50876343)
(50876343, 97539784)
(50876343, 10426682)
(97539784, 27841904)
(97539784, 76549400)
(97539784, 6833623)
(97539784, 50876343)
(97539784, 97539784)
(97539784, 10426682)
(97539784, 8226593)
(97539784, 94200294)
(97539784, 90459107)
(97539784, 87601699)
(97539784, 96190774)
(97539784, 91346087)
(97539784, 23881843)
(97539784, 48738578)
(97539784, 10965799)
(97539784, 2145630)
(97539784, 64713469)
(97539784, 61770866)
(10426682, 11231095)
(10426682, 10426682)
(10426682, 8226593)
(10426682, 94200294)
(10426682, 90459107)
(10426682, 61205452)
(10426682, 23881843)
(10426682, 93575719)
(10426682, 98124935)
(10426682, 61770866)
(57044627, 8226593)
(57044627, 90459107)
(57044627, 61205452)
(57044627, 62301277)
(57044627, 92969697)
(41068975, 11231095)
(41068975, 97539784)
(41068975, 10426682)
(41068975, 8226593)
(41068975, 41068975)
(41068975, 35127716)
(41068975, 90459107)
(41068975, 24277126)
(41068975, 96190774)
(41068975, 91346087)
(41068975, 23881843)
(41068975, 48738578)
(41068975, 69677562)
(41068975, 97677123)
(41068975, 92969697)
(41068975, 52350591)
(94200294, 21322068)
(94200294, 91387797)
(94200294, 27841904)
(94200294, 97539784)
(94200294, 8226593)
(94200294, 94200294)
(94200294, 2913482)
(94200294, 90459107)
(94200294, 99421688)
(94200294, 24277126)
(94200294, 55142781)
(94200294, 59905949)
(94200294, 71968868)
(94200294, 61205452)
(94200294, 96190774)
(94200294, 91346087)
(94200294, 23881843)
(94200294, 93575719)
(94200294, 69677562)
(94200294, 99507278)
(94200294, 36831195)
(94200294, 92969697)
(94200294, 64713469)
(94200294, 12150309)
(2913482, 94200294)
(2913482, 91346087)
(90459107, 71908712)
(90459107, 90459107)
(90459107, 24277126)
(90459107, 59905949)
(90459107, 69677562)
(90459107, 2145630)
(90459107, 64713469)
(7366936, 71968868)
(7366936, 69677562)
(7366936, 10965799)
(99421688, 334489)
(86150120, 23881843)
(56430928, 27841904)
(56430928, 60277625)
(56430928, 13344332)
(56430928, 2240691)
(56430928, 62233745)
(24277126, 91387797)
(24277126, 24277126)
(24277126, 59905949)
(24277126, 76327839)
(24277126, 99902649)
(59387869, 71908712)
(59387869, 97539784)
(55142781, 91387797)
(55142781, 11231095)
(55142781, 57044627)
(55142781, 94200294)
(55142781, 35127716)
(55142781, 2913482)
(55142781, 55142781)
(55142781, 91346087)
(55142781, 93575719)
(55142781, 29298467)
(55142781, 12150309)
(55142781, 83265156)
(55882199, 91387797)
(55882199, 59905949)
(55882199, 68651965)
(55882199, 23160214)
(73057940, 91387797)
(73057940, 73057940)
(73057940, 97069409)
(26761030, 91387797)
(26761030, 10965799)
(59905949, 11231095)
(59905949, 24277126)
(59905949, 59905949)
(59905949, 76327839)
(68651965, 68651965)
(68651965, 10965799)
(68651965, 92969697)
(74935225, 74935225)
(74935225, 91346087)
(74935225, 23881843)
(71968868, 38533250)
(71968868, 12654216)
(71968868, 91387797)
(71968868, 94200294)
(71968868, 71968868)
(71968868, 10965799)
(71968868, 60732435)
(71968868, 19601329)
(75965406, 10965799)
(75965406, 92969697)
(76327839, 71908712)
(76327839, 27841904)
(76327839, 11231095)
(76327839, 59387869)
(76327839, 59905949)
(7630597, 99421688)
(7630597, 4358879)
(7630597, 76327839)
(77089228, 99421688)
(59728727, 64476613)
(87601699, 60277625)
(87601699, 87601699)
(87601699, 62233745)
(96190774, 8226593)
(96190774, 90459107)
(96190774, 61205452)
(96190774, 96190774)
(96190774, 23881843)
(96190774, 46913485)
(96190774, 92969697)
(96190774, 64713469)
(96190774, 4395763)
(91346087, 90459107)
(91346087, 55142781)
(91346087, 74935225)
(91346087, 96190774)
(91346087, 91346087)
(91346087, 23881843)
(23881843, 8226593)
(23881843, 41068975)
(23881843, 90459107)
(23881843, 55142781)
(23881843, 61205452)
(23881843, 96190774)
(23881843, 23881843)
(23881843, 46913485)
(23881843, 92969697)
(23881843, 60732435)
(93575719, 91387797)
(93575719, 11231095)
(93575719, 97539784)
(93575719, 8226593)
(93575719, 94200294)
(93575719, 35127716)
(93575719, 90459107)
(93575719, 99421688)
(93575719, 24277126)
(93575719, 55142781)
(93575719, 96190774)
(93575719, 91346087)
(93575719, 23881843)
(93575719, 69677562)
(93575719, 334489)
(93575719, 99507278)
(93575719, 64713469)
(93575719, 60732435)
(93575719, 2240691)
(93575719, 12150309)
(5729930, 7225064)
(5729930, 11231095)
(5729930, 35127716)
(5729930, 2913482)
(5729930, 64713469)
(5729930, 40839966)
(46913485, 7225064)
(46913485, 90459107)
(46913485, 24277126)
(46913485, 69677562)
(64476613, 6833623)
(64476613, 10965799)
(64476613, 94972699)
(48738578, 76549400)
(48738578, 6833623)
(48738578, 97539784)
(48738578, 10426682)
(48738578, 23881843)
(48738578, 48738578)
(69677562, 2913482)
(69677562, 90459107)
(69677562, 24277126)
(92632884, 68651965)
(14231950, 59387869)
(99507278, 91387797)
(99507278, 55142781)
(99507278, 4061367)
(99100788, 23085676)
(99100788, 55142781)
(99100788, 93575719)
(10965799, 91387797)
(97677123, 41068975)
(97677123, 24277126)
(97677123, 93575719)
(97677123, 97677123)
(66028911, 23881843)
(66028911, 66028911)
(29298467, 91387797)
(29298467, 27841904)
(29298467, 2913482)
(29298467, 99507278)
(29298467, 12150309)
(65611975, 71908712)
(65611975, 65611975)
(13344332, 19601329)
(36831195, 23160214)
(82666758, 68651965)
(82666758, 10965799)
(37296628, 91387797)
(37296628, 26761030)
(37296628, 10965799)
(48615654, 11231095)
(54949184, 26761030)
(54949184, 10965799)
(3827191, 11231095)
(94972699, 10426682)
(94972699, 99866104)
(94972699, 90459107)
(94972699, 23881843)
(94972699, 46913485)
(94972699, 13344332)
(94972699, 82666758)
(94972699, 94972699)
(94972699, 92969697)
(94972699, 83099929)
(76377403, 27841904)
(40328770, 91387797)
(40328770, 71968868)
(40328770, 99507278)
(40328770, 4061367)
(52350591, 39027978)
(52350591, 91387797)
(52350591, 97539784)
(52350591, 55142781)
(52350591, 69677562)
(52350591, 97677123)
(52350591, 13344332)
(52350591, 64713469)
(98124935, 55142781)
(98124935, 93575719)
(98124935, 62233745)
(6679907, 23881843)
(83099929, 96190774)
(83099929, 23881843)
(83099929, 45080474)
(10240720, 41068975)
(10240720, 55142781)
(10240720, 23881843)
(10240720, 62233745)
(10240720, 40504576)
(99902649, 10528666)
(99902649, 94972699)
(16529820, 55142781)
(16529820, 93575719)
(16529820, 90393883)
(16529820, 62171751)
(46656326, 94972699)
(47918078, 55142781)
(5526379, 91387797)
(5526379, 71968868)
(5526379, 10965799)
(90523704, 71968868)
(90523704, 13344332)
(19601329, 91387797)
(19601329, 97069409)
(35068655, 71908712)
(54084753, 27841904)
(54084753, 66028911)
(62628750, 7225064)
(62628750, 11231095)
(14534428, 23881843)
(14534428, 14534428)
(36247642, 23881843)
(12150309, 91387797)
(12150309, 27841904)
(12150309, 2913482)
(78674314, 27841904)
(78674314, 23881843)
(23160214, 71968868)
(34638611, 97539784)
(34638611, 97677123)
(43139022, 91387797)