(21322068, 29195114)
(21322068, 23085676)
(21322068, 47261723)
(21322068, 71908712)
(21322068, 27841904)
(21322068, 97539784)
(21322068, 57044627)
(21322068, 41068975)
(21322068, 94200294)
(21322068, 55142781)
(21322068, 96190774)
(21322068, 91346087)
(21322068, 23881843)
(21322068, 93575719)
(29195114, 47261723)
(29195114, 62674457)
(29195114, 95631288)
(29195114, 57044627)
(29195114, 41068975)
(29195114, 94200294)
(29195114, 55142781)
(29195114, 93575719)
(29195114, 31733877)
(23085676, 47261723)
(23085676, 71908712)
(23085676, 27841904)
(23085676, 68077983)
(23085676, 57044627)
(23085676, 99866104)
(23085676, 41068975)
(23085676, 94200294)
(23085676, 24277126)
(23085676, 55142781)
(23085676, 73057940)
(23085676, 96190774)
(23085676, 91346087)
(23085676, 23881843)
(23085676, 93575719)
(39027978, 71908712)
(39027978, 56329028)
(39027978, 70094937)
(39027978, 68077983)
(39027978, 41068975)
(39027978, 91346087)
(47261723, 71908712)
(47261723, 91387797)
(47261723, 55142781)
(47261723, 55882199)
(47261723, 73057940)
(47261723, 59905949)
(47261723, 68651965)
(47261723, 71968868)
(47261723, 91346087)
(47261723, 48615654)
(47261723, 97069409)
(47261723, 69130521)
(71908712, 91387797)
(71908712, 97539784)
(71908712, 99866104)
(71908712, 94200294)
(71908712, 90459107)
(71908712, 73057940)
(71908712, 74935225)
(71908712, 71968868)
(71908712, 87764832)
(71908712, 76327839)
(71908712, 96190774)
(71908712, 91346087)
(71908712, 93575719)
(71908712, 85068075)
(71908712, 99507278)
(71908712, 99100788)
(71908712, 97677123)
(71908712, 77296170)
(71908712, 94972699)
(71908712, 92969697)
(71908712, 97069409)
(71908712, 83099929)
(71908712, 90135434)
(71908712, 81901703)
(71908712, 94658187)
(71908712, 80985996)
(71908712, 72579020)
(71908712, 84387873)
(71908712, 95014366)
(71908712, 92483830)
(56329028, 70094937)
(56329028, 91387797)
(56329028, 68077983)
(70094937, 91387797)
(38533250, 40481059)
(38533250, 60732435)
(12654216, 13531285)
(12654216, 27841904)
(12654216, 40481059)
(12654216, 60732435)
(13531285, 27841904)
(13531285, 68077983)
(13531285, 40481059)
(13531285, 96190774)
(13531285, 23881843)
(13531285, 60732435)
(13531285, 87725436)
(91387797, 94200294)
(91387797, 92969697)
(91387797, 99902649)
(7225064, 27841904)
(7225064, 41068975)
(7225064, 90459107)
(7225064, 65611975)
(27841904, 68077983)
(27841904, 62674457)
(27841904, 44107613)
(27841904, 95631288)
(27841904, 38472735)
(27841904, 76549400)
(27841904, 50876343)
(27841904, 97539784)
(27841904, 57044627)
(27841904, 99866104)
(27841904, 41068975)
(27841904, 94200294)
(27841904, 35127716)
(27841904, 40481059)
(27841904, 55142781)
(27841904, 55882199)
(27841904, 73057940)
(27841904, 59905949)
(27841904, 68651965)
(27841904, 71968868)
(27841904, 39486242)
(27841904, 76327839)
(27841904, 61205452)
(27841904, 28956349)
(27841904, 96190774)
(27841904, 91346087)
(27841904, 54645281)
(27841904, 93575719)
(27841904, 44648528)
(27841904, 56490148)
(27841904, 64476613)
(27841904, 48738578)
(27841904, 99507278)
(27841904, 97677123)
(27841904, 48615654)
(27841904, 94972699)
(27841904, 92969697)
(27841904, 65618777)
(27841904, 52350591)
(27841904, 60732435)
(27841904, 83099929)
(27841904, 87725436)
(27841904, 99902649)
(27841904, 62628750)
(68077983, 95631288)
(68077983, 76549400)
(68077983, 97539784)
(68077983, 99866104)
(68077983, 94200294)
(68077983, 68651965)
(68077983, 93575719)
(68077983, 77296170)
(68077983, 94972699)
(68077983, 92969697)
(68077983, 98124935)
(68077983, 99902649)
(68077983, 94658187)
(11231095, 12230123)
(11231095, 41068975)
(11231095, 94200294)
(11231095, 24277126)
(11231095, 59387869)
(11231095, 73057940)
(11231095, 59905949)
(11231095, 96190774)
(11231095, 91346087)
(11231095, 23881843)
(11231095, 93575719)
(11231095, 46913485)
(11231095, 13344332)
(11231095, 48615654)
(11231095, 97069409)
(11231095, 54084753)
(11231095, 62628750)
(54287933, 83285752)
(62674457, 95631288)
(62674457, 94200294)
(57159071, 94200294)
(60277625, 93575719)
(60277625, 62233745)
(69407086, 72972636)
(11444632, 95631288)
(11444632, 20423840)
(11444632, 12230123)
(11444632, 57044627)
(11444632, 41068975)
(11444632, 23881843)
(11444632, 93575719)
(95631288, 97539784)
(20423840, 76549400)
(20423840, 97539784)
(20423840, 57044627)
(20423840, 41068975)
(20423840, 94200294)
(20423840, 55142781)
(20423840, 23881843)
(20423840, 93575719)
(20423840, 99100788)
(12230123, 76549400)
(12230123, 50876343)
(12230123, 97539784)
(12230123, 57044627)
(12230123, 99866104)
(12230123, 41068975)
(12230123, 94200294)
(12230123, 55142781)
(12230123, 73057940)
(12230123, 68651965)
(12230123, 96190774)
(12230123, 91346087)
(12230123, 23881843)
(12230123, 93575719)
(12230123, 37296628)
(12230123, 94972699)
(12230123, 69130521)
(55780642, 77296170)
(76549400, 97539784)
(76549400, 87601699)
(76549400, 93575719)
(76549400, 94972699)
(6833623, 50876343)
(6833623, 97539784)
(6833623, 23881843)
(6833623, 48738578)
(6261176, 50876343)
(6261176, 97539784)
(6261176, 48738578)
(50876343, 97539784)
(10426682, 57044627)
(10426682, 99866104)
(10426682, 41068975)
(10426682, 94200294)
(10426682, 55142781)
(10426682, 96190774)
(10426682, 91346087)
(10426682, 23881843)
(10426682, 93575719)
(10426682, 94972699)
(8226593, 57044627)
(8226593, 99866104)
(8226593, 41068975)
(8226593, 94200294)
(8226593, 55142781)
(8226593, 96190774)
(8226593, 91346087)
(8226593, 23881843)
(8226593, 93575719)
(57044627, 99866104)
(57044627, 94200294)
(57044627, 59905949)
(57044627, 96190774)
(57044627, 91346087)
(57044627, 93575719)
(57044627, 69677562)
(57044627, 77296170)
(41068975, 94200294)
(41068975, 90459107)
(41068975, 55142781)
(41068975, 59905949)
(41068975, 68651965)
(41068975, 76327839)
(41068975, 96190774)
(41068975, 91346087)
(41068975, 93575719)
(41068975, 69677562)
(41068975, 97677123)
(41068975, 94972699)
(41068975, 92969697)
(41068975, 98124935)
(41068975, 60732435)
(41068975, 87725436)
(41068975, 99902649)
(41068975, 98178234)
(41068975, 89070982)
(41068975, 94658187)
(41068975, 62628750)
(94200294, 96190774)
(94200294, 99507278)
(94200294, 98178234)
(90459107, 93575719)
(7366936, 7630597)
(7366936, 30995538)
(7366936, 44067961)
(7366936, 41316657)
(40481059, 60732435)
(56430928, 94972699)
(24277126, 55142781)
(24277126, 73057940)
(24277126, 59905949)
(24277126, 74935225)
(24277126, 87764832)
(24277126, 76327839)
(24277126, 96190774)
(24277126, 91346087)
(24277126, 93575719)
(24277126, 97677123)
(24277126, 66028911)
(24277126, 39589726)
(24277126, 97069409)
(24277126, 60732435)
(24277126, 40712572)
(24277126, 30753917)
(59387869, 73057940)
(59387869, 72547506)
(59387869, 75634189)
(59387869, 97069409)
(59387869, 69130521)
(59387869, 92483830)
(62165852, 73057940)
(62165852, 72547506)
(62165852, 97069409)
(55142781, 73057940)
(55142781, 59905949)
(55142781, 68651965)
(55142781, 75965406)
(55142781, 96190774)
(55142781, 91346087)
(55142781, 93575719)
(55142781, 99100788)
(55142781, 97677123)
(55142781, 94972699)
(55142781, 97069409)
(55142781, 60732435)
(55142781, 83099929)
(55142781, 62628750)
(81842579, 97069409)
(37037581, 79477562)
(37037581, 77052631)
(73057940, 93575719)
(73057940, 75634189)
(73057940, 97069409)
(73057940, 92483830)
(26761030, 72972636)
(26761030, 37296628)
(26761030, 54949184)
(4358879, 96190774)
(4358879, 37296628)
(59905949, 68651965)
(59905949, 71968868)
(59905949, 76327839)
(59905949, 91346087)
(59905949, 93575719)
(59905949, 97677123)
(59905949, 94972699)
(59905949, 97069409)
(59905949, 60732435)
(59905949, 80985996)
(68651965, 75965406)
(68651965, 92969697)
(74935225, 87764832)
(74935225, 92553236)
(74935225, 89898860)
(74935225, 91346087)
(74935225, 94972699)
(71968868, 92632884)
(87764832, 92553236)
(7630597, 11533812)
(7630597, 77089228)
(7630597, 61205452)
(7630597, 96190774)
(7630597, 23881843)
(7630597, 54645281)
(7630597, 11658853)
(7630597, 48615654)
(7630597, 78039147)
(7630597, 92969697)
(7630597, 31268064)
(7630597, 30995538)
(7630597, 44067961)
(7630597, 41316657)
(11533812, 78039147)
(5363923, 23881843)
(5363923, 11658853)
(5363923, 6680816)
(5363923, 30995538)
(5363923, 48157058)
(5363923, 44067961)
(61205452, 92969697)
(12339350, 93575719)
(12339350, 47918078)
(28956349, 99100788)
(28956349, 52350591)
(28956349, 99902649)
(59728727, 62233745)
(96190774, 97677123)
(91346087, 93575719)
(91346087, 94972699)
(23881843, 93575719)
(23881843, 64476613)
(23881843, 48738578)
(23881843, 33916718)
(23881843, 99507278)
(23881843, 26308527)
(23881843, 94972699)
(23881843, 92969697)
(23881843, 52350591)
(23881843, 97069409)
(23881843, 60732435)
(23881843, 87725436)
(23881843, 99902649)
(23881843, 69130521)
(23881843, 34638611)
(23881843, 30753917)
(54645281, 92969697)
(93575719, 99507278)
(93575719, 97069409)
(46913485, 69677562)
(11658853, 30995538)
(11658853, 44067961)
(11658853, 41316657)
(334489, 97242546)
(42325851, 60732435)
(72547506, 97069409)
(10965799, 61770866)
(12183179, 54709945)
(12183179, 74036399)
(4384478, 54709945)
(4384478, 74036399)
(65611975, 77296170)
(65611975, 94972699)
(65611975, 95014366)
(37296628, 54949184)
(48615654, 54949184)
(48615654, 65045558)
(48615654, 79477562)
(48615654, 81149527)
(77296170, 94972699)
(94972699, 98124935)
(54266257, 62301277)
(54266257, 92969697)
(62301277, 92969697)
(52350591, 98124935)
(52350591, 97910702)
(52350591, 87725436)
(52350591, 99902649)
(52350591, 64318348)
(52350591, 55346156)
(75634189, 97069409)
(54709945, 74036399)
(6679907, 79477562)
(6679907, 19648647)
(6679907, 81149527)
(60732435, 87725436)
(41652474, 79477562)
(87725436, 99902649)
(87725436, 98178234)
(87725436, 89070982)
(32190992, 49642833)
(16529820, 34638611)
(11930362, 34638611)
(4604791, 69130521)
(50539251, 80985996)
(51128467, 54084753)
(31268064, 80985996)
(31268064, 48157058)
(31268064, 57020089)
(6680816, 80985996)
(6680816, 48157058)
(5526379, 90523704)
(54084753, 62628750)
(19648647, 81149527)
(30995538, 44067961)
(30995538, 41316657)
(48157058, 57020089)